0.2923011779785156
0.31253886222839355
0.0885457992553711
0.09441113471984863
0.15633010864257812
0.15675091743469238
0.07287907600402832
0.11704587936401367
0.1039421558380127
0.10446691513061523
0.0837550163269043
0.1282823085784912
0.1429610252380371
0.14334797859191895
0.14570188522338867
0.1763761043548584
0.11894512176513672
0.13727211952209473
0.09513306617736816
0.13907408714294434
0.1138758659362793
0.13937115669250488
0.11348819732666016
0.15030789375305176
0.11936187744140625
0.14367413520812988
0.06315183639526367
0.06924009323120117
0.1398298740386963
0.14661598205566406
0.11908507347106934
0.15225696563720703
0.08304905891418457
0.09551215171813965
0.2138969898223877
0.21419906616210938
0.10681700706481934
0.10021591186523438
0.11266899108886719
0.13884377479553223
0.08871865272521973
0.1331639289855957
0.0949850082397461
0.1206960678100586
0.09883904457092285
0.14345288276672363
0.10784387588500977
0.12652206420898438
0.07716989517211914
0.09528708457946777
0.10467982292175293
0.1178131103515625
0.1337108612060547
0.1711750030517578
0.16212010383605957
0.15616106986999512
0.15418601036071777
0.15475010871887207
0.13091397285461426
0.14943623542785645
0.08185076713562012
0.1010427474975586
0.10801506042480469
0.1401200294494629
0.0937652587890625
0.08767485618591309
0.12014484405517578
0.11967301368713379
0.07624506950378418
0.08933019638061523
0.12537884712219238
0.1566638946533203
0.14452886581420898
0.1441340446472168
0.12064528465270996
0.1336209774017334
0.1369490623474121
0.13101601600646973
0.1318511962890625
0.1378488540649414
0.12660908699035645
0.10816001892089844
0.07238912582397461
0.09707999229431152
0.1257169246673584
0.18204998970031738
0.13391590118408203
0.13333487510681152
0.13920807838439941
0.15834975242614746
0.10761499404907227
0.12002992630004883
0.09395813941955566
0.13126802444458008
0.08671903610229492
0.12516093254089355
0.10001492500305176
0.07433700561523438
0.13193607330322266
0.14418601989746094
0.08755826950073242
0.13114213943481445
0.11206293106079102
0.1557002067565918
0.10852599143981934
0.15295696258544922
0.08328080177307129
0.10982131958007812
0.08248090744018555
0.0707709789276123
0.09457182884216309
0.11412501335144043
0.10605311393737793
0.14360404014587402
0.11194920539855957
0.11236405372619629
0.05145096778869629
0.1086878776550293
0.11132311820983887
0.12436103820800781
0.09304499626159668
0.11839580535888672
0.145521879196167
0.1517171859741211
0.11377215385437012
0.11430191993713379
0.11885476112365723
0.16183900833129883
0.0999901294708252
0.15625
0.14510107040405273
0.15732097625732422
0.08836102485656738
0.08800005912780762
0.08123421669006348
0.10531091690063477
0.09860897064208984
0.14851593971252441
0.1017611026763916
0.10748624801635742
0.1454930305480957
0.15852880477905273
0.10037994384765625
0.10728096961975098
0.1077430248260498
0.11998891830444336
0.13192486763000488
0.16827702522277832
0.08843541145324707
0.09516096115112305
0.0863349437713623
0.13007187843322754
0.08860015869140625
0.10103297233581543
0.08820223808288574
0.11820006370544434
0.13206100463867188
0.13167190551757812
0.1403520107269287
0.13356423377990723
0.07680296897888184
0.1522660255432129
0.10828900337219238
0.14019393920898438
0.1272120475769043
0.14022588729858398
0.09469413757324219
0.12592792510986328
0.1155998706817627
0.16982698440551758
0.08967709541320801
0.12781786918640137
0.09968996047973633
0.11210513114929199
0.11940503120422363
0.11352896690368652
0.11148214340209961
0.15031695365905762
0.11291813850402832
0.11248111724853516
0.10962605476379395
0.1273040771484375
0.11208605766296387
0.15018510818481445
0.13003921508789062
0.12961792945861816
0.1076653003692627
0.12680912017822266
0.10874319076538086
0.1273040771484375
0.0870811939239502
0.14376401901245117
0.08329296112060547
0.14597177505493164
0.18155694007873535
0.20620274543762207
0.10684800148010254
0.13294100761413574
0.1381230354309082
0.1623060703277588
